1
2
3
4
5
6
7
8
9
10
11
12
13
14
15
16
17
18
19
3190
568
1877
2456
211
1143
1702
53
624
2460
2463
215
218
1149
1152
1704
1712
55
60
626
637
590
229
593
232
234
4002
2538
1115
2623
1117
2625
3196
1792
1793
1794
574
1887
576
577
1889
1890
1891
2457
1043
1051
212
1144
221
1145
1163
1047
1055
225
1155
1173
1123
1124
1125
1126
598
600
601
605
611
614
3197
575
1888
2466
1161
1709
1710
58
631
632
2470
2473
228
1167
1170
1714
1721
65
639
652
599
230
237
608
240
242
4005
2540
1120
2631
1122
2633
3204
1795
588
1907
578
1892
2467
1052
222
1162
1164
1135
1136
1137
1138
620
602
623
1719
63
650
238
1862
1863
3391
2640
1878
1867
1871
3400
2641
1893
1875
1876
3409
2659
1908
2541
2638
1800
1927
1809
1943
2547
2656
1801
1928
1806
1940
2542
2639
1802
1929
1146
2548
2657
1803
1930
3318
1869
3398
3319
1870
3399
1864
1865
3393
1132
1134
2651
1884
1872
1873
3405
1904
1118
2629
571
585
573
587
1119
595
617
597
619
1922
1952
1160
4004
2628
3193
3201
1882
1902
2465
220
1158
