1
2
3
4
5
6
7
8
9
10
11
12
13
14
15
16
17
18
19
258
179
183
612
535
539
1147
1072
1076
857
863
674
677
686
689
1357
1361
1206
1208
1214
1216
537
1074
680
1210
1212
93
65
29
33
58
66
260
210
212
232
180
184
202
205
211
213
233
614
564
566
536
540
546
565
567
763
769
707
764
770
181
182
207
229
538
560
563
683
749
758
279
190
194
633
550
1149
1169
1073
1077
1087
914
920
710
719
722
1400
1403
1230
1236
1238
548
1075
1085
713
1232
1234
116
67
41
45
60
68
281
234
191
195
227
235
635
588
547
551
589
192
193
209
231
549
585
716
1170
1084
1088
1086
31
82
90
255
251
32
84
92
257
253
44
107
115
278
274
214
215
568
569
781
782
216
217
570
571
775
776
236
237
590
591
587
238
239
592
593
69
62
70
71
64
72
127
150
158
437
480
496
486
132
154
160
492
120
156
388
414
468
472
146
1007
1010
1020
1023
1034
1039
1029
161
136
499
503
450
456
1041
1004
1012
